1
0.665139413517338
0.209998653670036
0.468566877326251
0.54325713134902
0.570669489396663
0.89593468163113
0.821665146373344
0.462187583680553
0.194115372623379
0.571717064925686
0.988046524397596
0.369448087545941
0.970371755697611
0.605031460456894
0.929138972005632
0.312939161879558
0.459903607611492
0.561010498196123
0.984389760484236
0.842641277113933
0.783958470163152
0.703746125343883
0.789434992603332
0.644752567237332
0.447463951779655
0.466937327503961
0.250018716495515
0.60705271668303
0.433769802530807
0.99808881211275
0.693128936888457
0.688000460067255
0.186949383577959
0.324922984505488
0.297871132067869
0.520084702680282
0.911832669941706
0.815615808810677
0.961115188061965
0.568648180417287
0.608020698488226
0.441968525589923
0.716761688682833
0.796431377945495
0.679399877691197
0.201155427300978
0.119863034712101
0.283335795609288
0.67973651720443
0.82649999758204
0.501626935149051
0.737484282925194
0.572489727070868
0.0839131546060952
0.837028560269869
0.412320113399297
0.797478249326115
0.777278857348366
0.93201111203389
0.878630047259095
0.629129155747516
0.64027447782654
0.256211262421739
0.774848246643823
0.593557835585095
0.865010860181362
0.782775450855644
0.87067263627497
0.593189846836494
0.579559806271492
0.968946828664357
0.337740059312304
0.0715115166466153
0.686440031277487
0.870297791885654
0.242377970072231
0.799403527669782
0.907835236192996
0.815943119864057
0.0966535981349328
0.658109211318066
0.749198847330724
0.0953276467680314
0.29769813694649
0.602947563748941
0.884527514420529
0.621526321071996
0.975520966257371
0.335554682321797
0.893957515520952
0.474105733868838
0.859764611724355
0.660855712620221
0.515264316252208
0.687851200176565
0.192627377021571
0.694814015023098
0.737617269170517
0.272387478339469
0.182824045166147
0.432029021354093
0.543272694437946
0.730779006097064
0.890359559761811
0.860234154643252
0.617724800508762
0.306757718883432
0.473137920297675
0.805241592445528
0.97539712781822
0.264017906614944
0.446393871749397
0.908448996032156
0.0976529112132862
0.945862508075453
0.801290238518969
0.251752587201901
0.549131074038866
0.208086493760616
0.271055002673711
0.812909078717918
0.744010600400725
0.989799772352714
0.626268966832237
0.56991399576073
0.885774762430127
0.589403806753828
0.0410438388805318
0.918278678431263
0.370209168991242
0.976133000699496
0.741688347064034
0.533860786830759
0.64809928174751
0.276133356163439
0.555497790128193
0.928711585574616
0.521013445385549
0.529505957803248
0.987710336700932
0.793417984733583
0.774205540902057
0.161595995585011
0.303528967889045
0.666327677537272
0.889677840389955
0.229684799411222
0.0280565488925714
0.496843524869903
0.288463533443919
0.529542552036693
0.452368965932705
0.297719637814163
0.340546264194221
0.205032667751743
0.360908253319518
0.840709721039998
0.197707431705527
0.352754489951267
0.753700220197751
0.48145118666888
0.301243408116342
0.477444634150388
0.379014752948898
0.838119351168601
0.712552365259623
0.81330675949553
0.934032329809272
0.231809036857373
0.490884112855579
0.192426694551237
0.740423760383064
0.900437763181911
0.289965412444591
0.977930575092248
0.527572471956772
0.655616222136545
0.706522045329138
0.831656776953111
0.908852077940715
0.136139256567657
0.991866516340617
0.061442008095523
0.620659774840317
0.838679231162978
0.758926906452279
0.104015902992279
0.868554194393822
0.397760384548563
0.895781763058917
0.946130856751344
0.773992744041909
0.226618771576155
0.771698216004036
0.724267339923221
0.764670742129819
0.525787021913562
0.95074437570112
0.314005287397616
0.754236603263658
0.876622594036648
0.779024512860986
0.888718749642521
0.599506194889691
0.163827201809267
0.091302543895995
0.265917133895735
0.736040718114481
0.80756893723147
0.36929933497536
0.53231921755455
0.260018910801022
0.318096492907839
0.704390245875329
0.73712476728293
0.520233325684159
0.225282856791306
0.406845621545901
0.43523847794555
0.806472942887453
0.889868543060163
0.182610418271105
0.382157095294743
0.73605739773933
0.404267573192834
0.479786485509226
0.126771843676701
0.289864610488154
0.760031681111805
0.277246102930859
0.945599218919279
0.95642402406202
0.0828432753534749
0.765082367442778
0.666301198326385
0.533860786830759
0.469539640027924
0.314503667859391
0.414735613287477
0.747504497705608
0.992430906289517
0.149098486817701
0.544311771716731
0.883727406073999
0.502612726848304
0.993867326456678
0.685849985118962
0.936467499248865
0.524389027028691
0.416845928421748
0.197678513776115
0.969484244646106
0.450024617858644
0.426324054150871
0.490004218210403
0.649994997917195
0.634171353989478
0.755582320255082
0.620127207006309
0.603167831340461
0.928201064749762
0.617292065904987
0.245454867790389
0.811993597437553
0.81927814063669
0.548643516438429
0.373788240986014
0.385046486137326
0.483387610501309
0.656014407417217
0.971977920476998
0.594021295902399
0.119138429446979
0.491338099129229
0.507488668514199
0.839479487150135
0.711526229178292
0.915246177219657
0.754248280290173
0.790887621991927
0.542481819356564
0.773148647920435
0.587455234435724
0.674634501788984
0.894319353345629
0.0196395479904818
0.239599686160846
0.293625269896377
0.323021938710155
0.949675573540941
0.674219395439887
0.676764383334857
0.413828394018283
0.992345584710549
0.704762385182111
0.796431377945495
0.924770017535123
0.449679235141051
0.960400860837462
0.18972362517749
0.898876498525567
0.650218229039889
0.743388697880262
0.729782363850186
0.832283974251778
0.503157970715982
0.804153112526832
0.588726830531784
0.774333645466326
0.971268653992924
0.666207091657715
0.25295726221233
0.447732690612896
0.62758226820324
0.404267573192834
0.759812914360358
0.62028149394239
0.998528642648481
0.367698752018302
0.935369576199469
0.112731053880003
0.814461956994043
0.352801915838397
0.188053805347689
0.874022572778398
0.381645169487456
0.37615222648272
0.262818451351969
0.97626039387757
0.902349074341022
0.822272439835649
0.057683208250593
0.849277287510915
0.331846445950668
0.957204458103606
0.106611910236561
0.544924671207898
0.576626385712499
0.179796110401337
0.841945951125334
0.690686757266696
0.315776003865774
0.514538218238482
0.803438252412248
0.465048082585148
0.525361196908829
0.395320370118883
0.376804825783854
0.794001980985596
0.707202368891316
0.570414749923396
0.0940532028643368
0.346568831382186
0.974466993714971
0.668889366400764
0.216019275964103
0.184029128412709
0.859764611724355
0.705172064590032
0.652880879231909
0.957880823975042
0.964818493683828
0.737617269170517
0.26547984214972
0.262553248112831
0.903972120634279
0.56329764542702
0.870891093028332
0.567544016487376
0.901405120227521
0.61282341511541
0.663503799210743
0.803193877873708
0.407810301242327
0.448038133797948
0.782732898153346
0.482092089230788
0.997657641435372
0.948567144241961
0.340823271416149
0.0518058628726827
0.0393365480066679
0.651686377192761
0.7175655719284
0.817721899910482
0.686233634303675
0.972175096243647
0.442644521701739
0.47250068442032
0.712841018994672
0.958115480630378
0.392400991091724
0.88591872862977
0.599953449914474
0.329585802882577
0.0906094469859956
0.882902939424614
0.70525458898317
0.346836902780884
0.992058768177874
0.687603863397361
0.701228675848188
0.890510090052409
0.575702182420331
0.893470880822188
0.707046783785842
0.471819053300897
0.740423760383064
0.631313924359916
0.677922034013918
0.769736585003087
0.729223228636588
0.766490751785765
0.116426461949158
0.317019803778821
0.33884183743688
0.748868227751462
0.899373200330109
0.25657495093638
0.687702582672865
0.327905489004943
0.2729284992862
0.726854263634052
0.8022020728262
0.894767469314834
0.329888230208313
0.847116203462492
0.815647389705294
0.496592970979642
0.758684747224141
0.953646086265242
0.570167329382223
0.708333781850828
0.927185659720345
0.762828243189456
0.300061396222641
0.947531562966848
0.614079326519782
0.72469048358372
0.386917945453478
0.399710824659715
0.696238462832233
0.821194560035017
0.361369374547062
0.0959327816383302
0.915670302418054
0.802363887154991
0.482529624157369
0.306108582290498
0.0339770363579373
0.88949710629205
0.466962728222921
0.40507743298938
0.134113886015144
0.983378210557894
0.274011411520021
0.313243325529728
0.177528195048444
0.255576967826767
0.536965794708248
0.513994863278385
0.73188451466316
0.895441972866813
0.549660485552956
0.563665797033271
0.328742135702421
0.744945697884938
0.553606453230045
0.841441256907084
0.971054699953279
0.735091784595165
0.271330644193923
0.691128814431839
0.891897699065526
0.631952154447322
0.487716408830551
0.532099448373619
0.176651114623786
0.631796911479503
0.876899266479963
0.940681173775657
0.473724231378029
0.452016141891471
0.946149937280477
0.245210558140449
0.882835225773597
0.783500414919847
0.448170702368839
0.562714024318985
0.553332893583086
0.758262105874829
0.883261632157597
0.375059104859294
0.828699779553886
0.373161823571843
0.724236843961677
0.731358617959704
0.232666012694329
0.689299834429414
0.269674105511348
0.716240413405499
0.733953670870714
0.141735122626421
0.848082903889331
0.366997717466606
0.542000332931084
0.481312916272806
0.446089737221679
0.450838204762717
0.604395861895042
0.604722745231525
0.944539810342528
0.333800739241767
0.628660750117188
0.267629072670525
0.151559314652239
0.628720517020022
0.639698687265696
0.599371372987229
0.277808799548152
0.454458026247607
0.514595002921857
0.37662127891169
0.83461057697308
0.789476804924707
0.386917945453478
0.588106048846693
0.839601110052952
0.389090182758932
0.374803497674145
0.931292810279989
0.925075740571492
0.969198696706682
0.741420238820761
0.666255229453016
0.0991374174238224
0.369735971713928
0.0270210330171741
0.90049880025056
0.497337639925458
0.933005465537067
0.585498374476165
0.508143989016258
0.959406642925318
0.529904452459565
0.835189307236389
0.44369511599262
0.567512687890457
0.394783504784155
0.64190884759476
0.65017943241637
0.917625105560535
0.246058834684712
0.201356594099906
0.328742135702421
0.292938851593597
0.946683360550316
0.652765210907828
0.685398509323713
0.822272439835649
0.565192595893426
0.871900047039956
0.948356625862733
0.57162112214901
0.391122470414763
0.462157331607518
0.698730206903688
0.790094134837239
0.186454689856419
0.263996053542543
0.901429824866526
0.0672898191191029
0.243089400538729
0.178886788339539
0.277836971419749
0.866990968128565
0.433897503916161
0.198404777936514
0.383642208716314
0.975101456437265
0.557412147994585
0.395987364617864
0.96569809553759
0.755275865222254
0.341381739813813
0.196993733726576
0.150483818962989
0.243316063674859
0.416579498833445
0.846573282196122
0.268712546192184
0.652926720137594
0.744480077992351
0.0650479770120344
0.580753211762801
0.68922788084779
0.973206410538453
0.190418685004819
0.652581295427645
0.544516939175236
0.456342990199096
0.234826314043011
0.990292315523674
0.815888929778892
0.548039379068546
0.741172843994629
0.538763375235956
0.245941224359175
0.358978521618568
0.399578845936603
0.519542339227078
0.929044263072541
0.135405401319027
0.239790240144572
0.929469539190932
0.179510897646971
0.269210263481101
0.865402325166547
0.696566543873817
0.233793399964013
0.754343063313575
0.393855653677572
0.243172854300828
0.948460968431467
0.720534812772907
0.00728362684833926
0.811861875641017
0.288999072714594
0.615393681003676
0.362944640250435
0.472346224703446
0.62028149394239
0.674391349794077
0.978394237254236
0.650942580760965
0.843988441707882
0.885825186410353
0.761505116186029
0.509927170556667
0.0547427382906531
0.187497406889186
0.864450049701721
0.250797962089765
0.74323443829748
0.164963644645377
0.761570692308132
0.76528332580863
0.35086930522041
0.107868932919129
0.81978477492772
0.211621744535466
0.754248280290173
0.545959535565136
0.675324266126679
0.912920164577082
0.869976222147413
0.398138190985167
0.0494257582618912
0.125915098585352
0.180925054327921
0.575316475439627
0.571395899207924
0.88671270553049
0.322645569266849
0.104754167236548
0.409851700189031
0.811027262391794
0.558622703052628
0.771784509843328
0.951459945409033
0.351289970637109
0.191985519304532
0.251295783099944
0.389705394476307
0.563227443028865
0.914831285076443
0.384976224325197
0.894613583245203
0.571717064925686
0.69354789048147
0.981439917294244
0.666216885938051
0.362287084381485
0.0399380339076518
0.778803740804956
0.947222936564899
0.0954364099901224
0.860950627903339
0.0691348249704407
0.682176771311585
0.373897116525293
0.840645672369793
0.757895278167083
0.0900362829748527
0.613464288273126
0.636904246120519
0.0674940107621887
0.731620783212267
0.775920600928371
0.757895278167083
0.64447861361324
0.97539712781822
0.11777210079286
0.932616379121773
0.79927963120662
0.868244006227754
0.216489421813778
0.620659774840317
0.754694269678169
0.595034704126303
0.0481123165276083
0.254585399632585
0.862310222654495
0.445673760003129
0.616513211356784
0.78186298538279
0.308709315181236
0.143313735860778
0.754248280290173
0.804969789556088
0.0960895125519225
0.314163110609671
0.713514339861694
0.503060354506302
0.43564287361797
0.992295209812909
0.901545666168515
0.695384281302678
0.97539712781822
0.970581169042761
0.649730615047854
0.547373601060573
0.317473151329816
0.690467908618423
0.234057815094252
0.610150052444509
0.316030806774547
0.444542994657754
0.855051462223826
0.939616088290815
0.0900370628691132
0.0923579248085369
0.65910058462534
0.100965791035886
0.461158376450798
0.879039972495848
0.592226471013808
0.730838929434307
0.584414504404282
0.685533443169663
0.852448419865737
0.334414824768138
0.084788251879781
0.816198810770545
0.953501319040378
0.859766155610444
0.765866754829199
0.852838451522297
0.979683281729689
0.897443108065686
0.650274993744422
0.0975632506363962
0.907723178998978
0.179806881395034
0.986065073248267
0.937167569567267
0.508132078020731
0.145854338418551
0.730384822634317
0.527953246733878
0.650237339585446
0.859388642717144
0.411163754575114
0.505200655057769
0.215652056176352
0.982363501377065
0.732135947846887
0.283406778820249
0.728053229948467
0.275205231953704
0.424446340007105
0.629129155747516
0.702442031508008
0.218919974822506
0.216458453740155
0.812760903089815
0.669788269479242
0.393501344992723
0.88977297922651
0.871090655737337
0.500520676759009
0.430674338077335
0.514150911747754
0.915187600490343
0.92886741767016
0.552480159260285
0.101310317790908
0.25218921765127
0.42129586227607
0.194615220377569
0.16759517722345
0.149928384206407
0.522874297920605
0.87067263627497
0.452974505698212
0.153088204915537
0.320351715218024
0.0916456839194173
0.412507023139898
0.450024617858644
0.918244027083151
0.677172379242675
0.29967799173402
0.272254796738524
0.249721911183753
0.196073820833564
0.584683449975036
0.221364618298152
0.644348955901061
0.336850614677996
0.637894542300299
0.0972918993037454
0.567512687890457
0.49846138603873
0.492897163369656
0.909985082875706
0.33577707210829
0.158420852320619
0.162148659450698
0.338371002353641
0.344777801885149
0.941665978149838
0.377675369412723
0.373239304536928
0.0335276321942686
0.188638039502932
0.263950647096108
0.94618584144093
0.171184629368718
0.712076298028767
0.680380054710342
0.69085184866929
0.741688347064034
0.682532420342145
0.165572997428014
0.742774540393333
0.821759005337993
0.0957042603154368
0.394014322596626
0.648976223764603
0.998521723923482
0.265130351136625
0.510251017973101
0.652912903696376
0.550537380482268
0.944219018704061
0.198054769741506
0.694292466322192
0.484119637325146
0.579317295856377
0.516648723518867
0.431054296550227
0.991330326717248
0.785350127131503
0.507349611023087
0.268546982892209
0.377464466602055
0.870314406249243
0.0611027743233512
0.693688821457022
0.857082366411997
0.180282830558114
0.983925283158741
0.778607300362099
0.385914027669571
0.994409055444005
0.547769930545334
0.152054239316788
0.735351327651016
0.316551789212012
0.65819475429878
0.111118067414124
0.201155427300978
0.540465154354842
0.766520796242116
0.773148647920435
0.1267924371484
0.538677577517454
0.964481833508372
0.469848296202828
0.85428424814897
0.406343394814802
0.436415643656223
0.483925332888397
0.337242935872419
0.67726085382227
0.929829986550884
0.470185587993669
0.534750560104912
0.168957078887442
0.117959445338336
0.683655708723107
0.979167500985781
0.320563199721841
0.0667981505731138
0.811063911291895
0.968902849730357
0.902892446980156
0.443819549785799
0.196117954916835
0.264396600426999
0.48145118666888
0.149422780352944
0.605234702550024
0.489165985969562
0.748050812524003
0.807097486720635
0.135415242415269
0.905964486699417
0.497412644161945
0.57767313048218
0.222548705697063
0.872269503397306
0.925770662481261
0.560772873584284
0.79287167404999
0.536088137011821
0.727119507844698
0.581432002783747
0.31654056935345
0.910811679203652
0.1753417646282
0.671556877254635
0.351341335294844
0.357918300238912
0.418648444297341
0.40416047773362
0.224775361007571
0.742241435827077
0.482289897382028
0.788507193429122
0.919235460277642
0.833246087220285
0.746690898843148
0.452647449963564
0.191115121692964
0.544311771716731
0.754518382695928
0.450949547584306
0.0936492909129066
0.758894115947184
0.261499919947781
0.236510144348516
0.464121693319765
0.487965531633618
0.850282345890795
0.534750560104912
0.799356581487507
0.198404777936514
0.539833691725679
0.235782739963397
0.877026367948444
0.205032667751743
0.0922515756015122
0.457211943480031
0.755761674128369
0.666301198326385
0.326577813824541
0.809524161570275
0.560169276787078
0.670946178852819
0.923111258936145
0.556118682253265
0.918707518062388
0.216321633855624
0.628452787391464
0.582186781832087
0.978802893329677
0.5725074776333
0.809881359418361
0.626683660283134
0.533613397440228
0.275638294254103
0.666318945814869
0.118629978520371
0.800259384501289
0.978534201327929
0.513990737998035
0.989677634423046
0.537614414864858
0.353253470237236
0.293469261130186
0.373161823571843
0.876108081912119
0.906124438070101
0.934223950043989
0.399676818497353
0.143742550118438
0.631900717331147
